176267
176267
178623
178623
499010
499010
209584
209584
708594
708594
107090
107090
208912
208912
47252
47252
256164
256164
44313
44313
182616
182616
120895
120895
1272330
1272330
1379420
1379420
253966
253966
399727
399727
468469
468469
696077
696077
137259
137259
1357349
1357349
59717
59717
746860
746860
40003
40003
256295
256295
83799
83799
588698
588698
398415
398415
634941
634941
1223639
1223639
3543702
3543702
242260
242260
6033578
6033578
700472
700472
700472
700472
82949
82949
148651
148651
130393
130393
130393
130393
279044
279044
458760
458760
337721
337721
436217
436217
234790
234790
1343597
1343597
199447
199447
272777
272777
50958
50958
223201
223201
546936
546936
665319
665319
264892
264892
78475
78475
108934
108934
182740
182740
59841
59841
1075019
1075019
23555
23555
69742
69742
242009
242009
1017298
1017298
220883
220883
11842
11842
119893
119893
1086056
1086056
1573234
1573234
6565
6565
263542
263542
45841
45841
295510
295510
1046537
1046537
272987
272987
272987
272987
2103226
2103226
6180148
6180148
102631
102631
375773
375773
37080
37080
37080
37080
233530
233530
1280789
1280789
36018
36018
450028
450028
268342
268342
125371
125371
243753
243753
368646
368646
142621
142621
46279
46279
104474
104474
819005
819005
944376
944376
201647
201647
201647
201647
146494
146494
534984
534984
103876
103876
2086088
2086088
205015
205015
242899
242899
447914
447914
43750
43750
205267
205267
164604
164604
164604
164604
644013
644013
448065
448065
1101970
1101970
99853
99853
99853
99853
228291
228291
633593
633593
733446
733446
51632
51632
189641
189641
81030
81030
270671
270671
58554
58554
58554
58554
58554
58554
479520
479520
3493129
3493129
19759
19759
102538
102538
8121467
8121467
235248
235248
293155
293155
466600
466600
241308
241308
20210
20210
268413
268413
248610
248610
498324
498324
224145
224145
111635
111635
395864
395864
199057
199057
594921
594921
260404
260404
892345
892345
1787197
1787197
3143244
3143244
32819
32819
32819
32819
4243869
4243869
13431333
13431333
19611481
19611481
176900
176900
176900
176900
245681
245681
293243
293243
222222
222222
284536
284536
717412
717412
120313
120313
120313
120313
124906
124906
112537
112537
1039812
1039812
2050467
2050467
282718
282718
394607
394607
444278
444278
257264
257264
862513
862513
1682423
1682423
4548392
4548392
305021
305021
26053496
26053496
261471
261471
279614
279614
204207
204207
204207
204207
541238
541238
1164649
1164649
233873
233873
233873
233873
150929
150929
204401
204401
333710
333710
333710
333710
771984
771984
750372
750372
272345
272345
1195283
1195283
92747
92747
282258
282258
195950
195950
283123
283123
764181
764181
764181
764181
175830
175830
109250
109250
465738
465738
174075
174075
815643
815643
2224309
2224309
34474241
34474241
183315
183315
115637
115637
509041
509041
42080344
42080344
42080344
42080344
1611443